[43.33408357716258, 55.135419011178634, 60.31210143296571, 64.60349613624427, 66.17150573936529, 67.7545202190712, 68.82736889489084, 70.44789556605897, 71.63328081626528, 72.21096856478356, 72.9011928876885, 73.31382699377298, 74.21411958886638, 74.76930002250731, 75.63958286443093, 75.59456823467627, 75.99219746417586, 76.28479255758121, 76.7499437317128, 77.29011928876885, 77.49268512266487, 78.07787530947557, 78.22792407532448, 78.37797284117337, 79.00067521944632, 79.21824592992722, 79.21824592992722, 79.48083127016281, 79.6458849125966, 80.13354340160552, 80.15605071648285, 80.72623602670868, 81.37144571985895, 80.91379698401981, 81.75407007277366, 81.5965188686323, 81.58151399204742, 81.93412859179233, 82.24923100007503, 82.52682121689548, 82.81941631030085, 83.10450896541376, 83.412108935404, 83.22454797809289, 83.25455773126266, 83.73471378197914, 83.88476254782805, 84.38742591342186, 84.27488933903518, 84.28989421562008]
Gray Test accuracy: 0.7006666666666667
gray 4

[47.49043439117713, 59.47933078250431, 64.30339860454647, 66.88423737714757, 69.11246155000376, 71.01057843799235, 73.00622702378273, 73.32132943206543, 74.74679270762998, 75.15942681371446, 76.449846200015, 77.25260709730662, 76.96001200390127, 77.35764123340086, 78.6480606197014, 78.6480606197014, 79.28576787455923, 79.6308800360117, 79.95348488258684, 80.71873358841624, 80.61369945232201, 81.0638457498687, 81.52149448570786, 82.10668467251857, 81.88911396203767, 82.32425538299948, 82.45179683397104, 82.76689924225373, 83.27706504614, 83.45712356515868, 83.53214794808312, 83.6296796458849, 83.75722109685648, 83.9447820541676, 84.38742591342186, 84.53747467927076, 85.07014779803436, 85.42276239777928, 84.80756245779878, 85.6778452997224, 85.64033310826018, 85.88791357191087, 86.30805011628779, 86.46560132042914, 86.48060619701403, 86.33805986945757, 87.14082076674919, 87.38089879210743, 87.38089879210743, 87.26085977942832]
RGB Test accuracy: 0.665
RGB

[19.488385349864615, 24.248254239703577, 27.198232863046886, 30.468861336753598, 32.24312384209776, 33.25495225880006, 35.178851360980474, 36.26193529998575, 37.25951261222745, 38.20008550662676, 39.397178281316805, 39.71782813168021, 40.90066980190965, 41.64172723386062, 41.235570756733644, 43.10959099330198, 45.0263645432521, 46.373093914778394, 47.071398033347585, 47.954966509904516, 49.42995582157617, 49.60096907510332, 48.23286304688613, 50.37052871597549, 50.6626763574177, 52.536696593986036, 52.85022089211914, 54.24682912925752, 54.61023229300271, 55.607809605244405, 56.277611514892406, 56.75502351432236, 58.03049736354568, 58.52216046743623, 59.02807467578737, 59.127832407011546, 59.64087216759299, 60.438934017386345, 61.500641299700725, 60.89496936012541, 61.36525580732507, 61.57189682200371, 62.925751745760294, 63.567051446487106, 64.10146786375944, 63.48154481972353, 64.22972780390481, 65.71896822003706, 65.30568619067978, 65.76884708564914]
joint_fc_training_acc


[37.32364258230013, 50.969075103320506, 55.258657545959814, 59.48411001852644, 62.14906655265783, 65.33418839960098, 67.81388057574462, 70.07980618497933, 71.40515889981474, 71.74005985463873, 73.30055579307397, 73.95610659826137, 74.69716403021233, 75.21732934302409, 75.58073250676928, 76.4714265355565, 76.77069972922901, 77.31936725096195, 77.99629471284024, 78.4879578167308, 78.66609662248824, 79.17913638306969, 79.41427960666951, 79.83468718825709, 79.94157047171156, 80.59712127689896, 81.28117429100756, 81.4521875445347, 81.11016103748041, 81.33105315661963, 82.28587715547955, 82.61365255807326, 82.88442354282456, 83.30483112441215, 83.54709990024227, 83.4045888556363, 83.65398318369674, 83.89625195952686, 84.29528288442354, 84.30953398888414, 85.15747470428958, 85.21447912213196, 85.02921476414421, 85.23585577882285, 85.4282456890409, 86.0980475986889, 85.89140658401026, 86.38306968790081, 86.53270628473707, 86.68946843380363]
joint_training_acc

[74.37651417984894, 78.46658116003991, 79.94869602394185, 81.4450619923044, 81.87972067835257, 82.55664814023086, 82.66353142368534, 83.38321219894542, 83.4188399600969, 83.803619780533, 83.88200085506627, 84.60880718255665, 84.30240843665383, 84.20977625765997, 84.70143936155053, 85.16460025651988, 85.20022801767136, 85.51375231580448, 85.03634031637452, 85.37124127119851, 85.40686903235, 85.7346444349437, 85.62063559925895, 85.52087786803477, 85.85577882285877, 86.16930312099187, 85.80589995724668, 86.076670941998, 85.98403876300414, 85.98403876300414, 86.32606527005844, 86.26906085221604, 86.62533846373094, 86.4471996579735, 85.96266210631325, 86.81060282171869, 86.68234288157332, 87.1027504631609, 86.59683625480974, 86.54695738919766, 87.17400598546388, 86.89610944848226, 86.87473279179136, 86.81060282171869, 86.99586717970642, 87.24526150776686, 87.05999714977911, 87.16688043323357, 87.03862049308822, 87.21675929884566]
wo_pre_training

[80.81088784380789, 83.53997434801197, 85.4638734501924, 86.04104318084651, 86.48995297135528, 87.02436938862762, 87.83668234288157, 87.88656120849366, 88.1074533276329, 88.81288299843237, 88.80575744620208, 89.21903947555936, 89.3971782813168, 89.7534558928317, 89.85321362405587, 90.53726663816445, 90.33062562348582, 90.65127547384922, 90.67265213054011, 91.00755308536412, 90.77953541399458, 91.47783953256378, 91.56334615932735, 91.74861051731509, 92.14764144221178, 92.12626478552087, 92.14764144221178, 92.56092347156904, 92.66780675502352, 92.54667236710846, 92.89582442639305, 93.15946985891406, 93.23072538121704, 93.15946985891406, 93.68676072395611, 93.75089069402878, 93.81502066410147, 93.84352287302266, 94.01453612654981, 94.12854496223457, 94.3993159469859, 94.29955821576172, 94.54895254382214, 94.81972352857346, 94.89810460310675, 94.90523015533704, 94.98361122987032, 94.91235570756734, 94.83397463303406, 95.3968932592276]
w_pre_training

