[13.44339623, 19.5754717, 24.05660377, 32.31132075, 31.13207547, 39.1509434
, 42.45283019, 46.69811321, 45.75471698, 47.64150943, 48.58490566, 51.6509434
, 51.6509434, 51.6509434, 56.60377358, 56.13207547, 56.13207547, 58.96226415
, 55.4245283, 56.83962264, 62.02830189, 60.37735849, 56.13207547, 56.83962264
, 62.26415094, 61.32075472, 62.73584906, 60.8490566, , 62.02830189, 62.26415094
, 64.38679245, 63.44339623, 66.27358491, 66.03773585, 64.1509434, , 66.50943396
, 66.27358491, 64.85849057, 65.80188679, 70.04716981, 67.68867925, 68.86792453
, 69.81132075, 71.22641509, 73.11320755, 72.64150943, 70.99056604, 71.93396226
, 73.3490566, , 73.58490566, 73.3490566, , 75., 74.76415094, 76.17924528
, 76.41509434, 78.30188679, 76.41509434, 75.47169811, 75.70754717, 79.24528302
, 79.24528302, 80.66037736, 80.18867925, 81.83962264, 79.71698113, 79.48113208
, 80.89622642, 81.83962264, 78.77358491, 82.54716981, 80.4245283, , 81.60377358
, 84.19811321, 84.19811321, 83.96226415, 83.96226415, 84.66981132, 84.90566038
, 85.14150943, 83.72641509, 85.14150943, 85.61320755, 84.66981132, 86.32075472
, 85.37735849, 85.61320755, 86.32075472, 87.73584906, 86.79245283, 88.20754717
, 87.73584906, 88.20754717, 90.09433962, 86.79245283, 87.97169811, 88.20754717
, 88.44339623, 89.85849057, 88.67924528, 89.62264151, 88.91509434, 90.56603774
, 88.67924528, 88.91509434, 90.56603774, 91.03773585, 90.09433962, 89.85849057
, 92.45283019, 90.80188679, 91.03773585, 91.03773585, 91.27358491, 91.50943396
, 93.16037736, 91.74528302, 89.62264151, 91.03773585, 92.45283019, 92.68867925
, 91.74528302, 91.50943396, 92.68867925, 93.16037736, 93.86792453, 90.80188679
, 91.50943396, 91.74528302, 92.45283019, 94.10377358, 92.68867925, 93.63207547
, 92.68867925, 92.9245283, , 93.16037736, 93.16037736, 93.86792453, 93.86792453
, 92.21698113, 92.68867925], 56.603%