[12.02830189 21.69811321 27.59433962 32.0754717  35.61320755 41.74528302
 42.21698113 48.58490566 50.47169811 51.17924528 54.48113208 53.77358491
 53.06603774 56.83962264 56.13207547 58.01886792 59.66981132 58.49056604
 58.72641509 59.19811321 62.02830189 62.02830189 65.09433962 62.73584906
 64.38679245 62.97169811 64.62264151 65.56603774 68.16037736 70.28301887
 70.51886792 67.68867925 67.9245283  68.63207547 69.33962264 72.64150943
 72.64150943 72.87735849 72.87735849 74.05660377 73.82075472 75.47169811
 75.47169811 77.35849057 76.17924528 76.88679245 76.41509434 79.48113208
 76.6509434  79.24528302 77.12264151 78.30188679 79.24528302 80.66037736
 81.36792453 79.71698113 80.4245283  81.13207547 82.0754717  80.66037736
 83.01886792 82.78301887 84.19811321 83.01886792 83.96226415 83.49056604
 83.96226415 82.54716981 83.25471698 84.66981132 84.66981132 87.26415094
 87.97169811 86.08490566 87.5        86.32075472 87.73584906 87.5
 87.26415094 87.26415094 87.26415094 88.20754717 89.38679245 89.1509434
 89.38679245 90.33018868 89.62264151 87.73584906 91.03773585 90.56603774
 89.85849057 89.38679245 90.33018868 91.03773585 90.56603774 90.80188679
 92.21698113 90.80188679 91.50943396 90.56603774 93.86792453 92.68867925
 92.9245283  92.68867925 92.68867925 92.45283019 92.9245283  93.39622642
 94.81132075 94.10377358 94.10377358 93.86792453 95.99056604 94.10377358
 94.81132075 94.33962264 93.86792453 95.04716981 95.51886792 94.81132075
 93.86792453 95.04716981 95.51886792 95.28301887 95.75471698 97.16981132
 93.39622642 94.10377358 96.22641509 95.51886792 96.69811321 95.99056604
 95.75471698 96.46226415 95.28301887 95.75471698 96.93396226 95.75471698
 95.99056604 97.40566038]